1733
7223
4771
5617
3505
6279
5772
5167
2663
1705
4191
7057
8004
7707
8120
1011
828
4189
5872
2750
3387
2496
5198
916
5485
3016
3719
5464
5350
2997
4339
1290
4163
6188
3715
5237
267
5919
4743
7207
2296
354
5024
7386
4942
1521
1854
5236
7004
4451
4423
6245
5570
8104
6165
5482
12
454
4417
7804
3223
5403
638
999
3872
4305
7204
3553
2705
8138
4640
865
6992
5449
1090
5222
6232
1644
3189
5825
4938
4081
8125
204
2895
4621
4089
2505
875
4596
7262
6270
2227
7453
3525
3585
6357
2791
214
6780
579
1364
2477
1179
2901
4595
8103
789
6861
2854
6917
2412
3766
3203
2970
5066
4194
4323
7892
7259
4250
158
7625
6171
5612
4501
3049
4648
988
1891
7530
4376
959
6227
6822
4073
1101
7532
5337
1639
5788
5499
4235
6582
30
1634
2421
6167
1803
93
2431
2551
5088
7211
3056
512
1909
2580
6177
5247
3715
7272
2909
7279
2843
3022
6986
4466
3532
4755
2896
2110
3712
7001
5812
6906
3540
6488
6463
5037
5469
2653
4502
5944
2004
399
7694
7395
377
1435
4185
5673
983
4983
1085
300
3839
1772
501
3747
3767
4299
2923
2247
5249
4469
5191
6157
3542
3839
892
1640
2624
2846
6930
8074
592
1818
6801
1118
3809
2685
7016
1906
4984
1850
3544
3462
6887
4323
8036
7066
7131
3801
7521
6051
3149
5434
5889
3976
1189
6017
7765
2947
2222
6095
6716
4965
1950
442
128
1295
3026
415
4939
4521
6595
4710
5560
5116
2923
249
7568
5419
7387
2078
6006
1865
2814
8043
2949
4402
2411
5486
4595
4601
1366
1565
3919
3706
5699
7686
2584
6410
3450
1765
1383
856
5051
6817
561
6241
3601
3415
7955
7480
6716
7973
5165
524
6614
7129
1090
3866
4545
4629
3076
4963
5940
3682
1465
5994
1528
1052
2731
1419
3142
992
1162
5157
3378
1687
1715
2704
4356
722
5759
2420
5177
2109
1417
8144
7784
2875
4109
5030
5452
867
6946
7785
3521
2277
7272
5463
6889
7005
2552
1623
2565
3429
3907
2125
1041
1808
832
1582
6215
4355
1491
7080
6231
2923
3091
7067
8119
3594
3031
3783
2380
3609
3445
2875
2098
6962
1889
5862
1731
212
2173
1378
5036
1380
645
3250
4024
4545
4415
314
2918
1217
7746
6859
910
6898
2681
6503
5550
4200
857
2585
7496
7228
3659
2694
2420
7943
140
2521
4811
2776
4714
3289
3426
2612
8116
7669
4791
4670
5654
7611
3143
2958
6851
7097
702
5472
5389
3387
4084
4133
7948
919
1520
5451
1791
7103
1178
3698
3347
7300
4632
7397
3342
7005
3163
5532
231
2373
2934
97
2724
7244
6037
5779
4396
1634
8017
7781
3031
5818
6319
4094
3862
7341
2842
6811
1965
7602
4352
2857
1752
59
3702
7820
3217
3654
7538
3060
6415
3032
5111
7274
6066
6055
3426
3939
2678
3342
32
3023
2720
3423
6559
1440
3081
173
2653
3962
229
2432
5520
3208
7421
8160
6351
4590
7410
6009
6684
5152
3083
4014
4159
5097
5470
4350
1615
5980
394
1482
3590
8062
7987
5422
4808
4717
1781
749
7270
5911
170
1498
2605
6719
60
5588
896
7181
3481
6919
6825
5413
4548
4924
5306
55
1737
1016
7154
2374
4312
2429
5734
5896
42
1643
3193
3710
7559
4643
1323
706
1593
6604
7069
5132
7298
5567
2168
3536
471
4334
164
5442
5972
918
1217
5953
4417
1679
1063
4681
2898
1740
659
3023
6316
4691
5776
360
5862
1288
3016
2920
5635
7311
7637
7382
3347
5680
7101
2106
4723
6976
7709
3488
7910
6435
6537
3436
3437
1515
436
6886
7786
3724
129
7934
1162
5471
2582
1661
16
367
5074
290
7902
6818
2075
305
712
6670
4797
433
7219
6784
6363
3395
343
2125
5363
2311
7243
5400
395
2526
4546
6293
1001
531
6132
5869
112
4678
6049
1653
3898
6967
6536
4792
3117
2987
4656
976
3853
436
7601
3624
8013
5580
3608
76
762
4599
2762
1924
7148
1119
6812
7704
1359
3669
4062
2880
278
2456
1912
6204
5403
6967
635
7226
1300
6730
1699
7403
3345
3595
6726
6971
1293
184
1200
6985
2443
7728
5503
1375
5634
6003
7369
80
1504
5542
6492
7912
5550
968
2646
1070
5455
3494
122
6877
6641
3774
4942
6295
6724
2721
5496
5232
5105
6673
4483
3533
7538
454
7944
7051
6074
1002
1856
1059
2542
2984
2623
6030
1271
6591
8147
7058
5453
135
6863
4835
4124
2128
1395
6529
257
2948
4146
4423
3965
2417
3894
5237
6135
2055
8151
4365
7337
325
7160
369
100
608
2549
7866
1350
7173
2297
6442
1396
4175
4720
7766
793
3187
5602
2924
4493
7204
2200
3068
3990
2090
6686
1080
1299
3646
2026
1182
376
1125
1296
5458
7625
5638
6253
7364
1158
3805
460
1437
192
1483
3460
1547
5009
645
5040
2315
6849
13
4102
7472
4158
1881
6639
4457
3183
1825
1105
3957
5200
3950
3348
7619
1053
5172
7366
7318
5120
6428
3048
653
1229
361
4444
2959
1622
7660
2046
7376
2361
7683
3687
4938
6602
3642
5296
5735
4181
3169
3978
4593
6860
2515
3716
1917
4045
5078
2531
2797
1820
4635
4253
3195
7133
4097
7695
3794
3084
819
2133
6782
2477
6536
7835
4585
4464
4451
4452
2003
6721
1809
8142
4567
4348
3194
3728
3865
6264
6972
4570
1070
3499
5267
4486
1870
1108
5123
7707
1649
3314
1548
1542
503
7262
2681
3271
6492
2212
2602
3782
7747
6393
7950
1052
1819
3119
2800
1572
1897
2661
1122
2458
5673
2313
5998
989
6550
6659
1601
6585
7636
2546
7432
949
681
7136
6409
8090
1555
5692
3538
5497
4460
1830
724
4374
6951
5518
4186
2433
5589
5953
5650
3614
3318
3022
3733
4013
295
3199
2926
3114
4980
1661
7769
6052
1345
8026
5164
4915
2235
1682
4330
8142
7933
2528
4953
800
4010
4423
2610
6
4658
6928
4660
3653
7262
1429
6570
4239
3301
5814
6870
6256
6403
2962
1397
5793
1587
626
5811
5283
883
5237
5456
2261
7335
4085
4871
4635
3308
2018
595
8188
7907
5744
4447
3968
2289
1661
2057
6184
5477
3285
2819
276
5280
2618
4967
5725
7002
3905
1902
6507
5997
8140
7504
1668
6447
6474
387
3354
6572
6515
5576
648
323
3577
6291
5995
5362
4644
6561
28
2122
912
1735
2708
8009
7641
248
6431
3302
4902
1107
6314
7676
4928
8165
8002
1462
6009
3072
3013
2236
1821
1173
2547
3689
4588
7884
1477
3085
5431
3094
5448
7364
1921
5481
4132
2826
815
7267
6060
7352
2338
4679
377
2197
6109
8063
6955
5002
2567
2336
5985
2117
7416
7084
2938
4025
3666
5527
2070
3905
5179
5293
6714
7500
7094
3835
6364
3798
2605
5382
7987
7505
472
420
2496
7705
8070
7958
6585
6893
947
3965
7018
4811
2397
4835
923
2631
6215
7883
1785
2143
1564
4318
5650
2947
5946
3662
5215
3154
5531
3447
3943
2359
7948
6141
343
5907
5756
6696
6736
5854
150
1932
4795
3593
1946
1245
4634
1995
6208
4006
5910
6623
6245
7396
2925
3254
2534
653
4597
2325
2210
5396
6516
5864
7433
5804
4878
4195
417
644
5097
3465
6034
7299
3609
4957
601
1507
3777
5613
6603
767
5719
2895
7799
5999
265
657
6603
5968
4330
3325
4002
5390
3292
7222
4669
3863
6389
1900
7482
7330
3714
650
4311
1060
6057
5506
6923
232
5721
3493
2752
1442
4341
1680
6862
4727
7053
7229
7939
7280
2005
3537
3569
5257
201
4720
159
4600
2724
6127
3391
1551
4199
2335
7147
671
5872
6663
4185
3489
4532
102
6403
3936
765
6594
6758
7702
331
5581
6382
2983
2001
8192
4715
7417
2027
4826
3652
3843
6789
3636
7014
4684
4591
5232
1200
6475
4164
5272
3013
4780
1094
2651
7973
6735
1201
26
4147
5334
2667
5115
1525
5702
16
7268
5289
1124
2554
3376
132
6054
4279
2652
7602
6124
261
1842
6176
7017
5459
6109
5007
7243
4208
5999
36
7761
5294
8002
1653
6513
486
6630
6380
6543
8024
1877
8167
6131
4848
723
3056
7766
15
6192
734
6179
4352
7068
1417
4179
3547
5377
3672
4396
4681
5432
676
5921
3334
3406
6857
1895
632
882
1511
4276
6728
7148
3474
6773
4525
3147
6448
1056
847
5477
1696
6952
4624
5646
4305
2299
316
2487
427
614
5349
1758
4189
3017
396
1868
1411
2177
7326
1585
1915
3387
4341
4091
2843
7536
974
4190
6341
868
1829
4941
2850
7259
510
4177
4748
4414
1004
3377
6365
1888
6432
6734
2307
3908
608
2947
1206
5180
3937
7938
8026
7392
7983
5779
4198
7600
8166
4349
5944
5587
41
886
4830
3685
6217
6136
6220
5564
4844
6136
4791
7379
3901
7633
3465
5909
293
3155
7062
2340
2388
2488
6464
671
2943
1565
2936
974
5779
3114
7342
7908
6521
4510
5352
2157
5178
3573
6755
4833
3097
7379
831
2274
6422
2428
5690
6978
3902
3896
7707
5149
5055
2719
3858
61
3665
7948
2977
1879
5775
3125
3526
4585
7441
4450
1172
4648
2981
1275
2196
5480
3944
5334
5222
3604
4940
7305
5223
5517
1522
7166
6178
6390
6187
858
7113
407
2417
3069
4409
7801
5505
3188
2604
2260
8000
6942
5528
700
4307
4359
2259
1962
5708
324
2863
4096
6303
5783
3015
7290
515
335
5856
8155
7345
1456
1972
46
6989
1155
7302
3471
211
5492
7351
6158
4675
5449
3172
685
5323
1216
302
8166
4470
6139
7412
3025
3634
6381
1748
2533
7817
5092
5319
2231
6238
1740
286
7568
6847
2495
7588
4521
1359
1027
7879
5099
4330
4583
6883
3830
7386
3658
7026
1870
4064
3107
7539
6467
1280
6074
1082
3469
7846
6655
7438
1443
4177
319
1386
2157
3691
3055
4337
4761
480
6543
7036
6795
2187
5551
7778
1606
6419
35
5844
4994
1739
4965
6040
2618
2618
6654
6879
3358
6007
6457
4085
7479
1709
5940
339
5968
391
2028
2094
5205
4834
6128
2790
2261
6413
3096
206
3024
4796
4742
8096
939
5934
193
5333
2003
2897
5556
2600
205
6534
7967
5796
3155
7364
2604
3529
1368
7077
5274
4837
3124
4557
4798
3338
2881
5764
2860
1153
7428
3325
5389
2287
2169
965
5231
6413
1266
1218
6708
5168
867
6004
3465
3687
4576
5435
4015
4607
7677
5301
1805
5216
3657
5762
4810
3290
5855
2679
5152
1648
3212
21
3279
1705
7609
4540
5786
5517
6435
3314
5926
3817
1151
535
3407
3262
8072
1653
5955
622
7549
2520
436
5878
5393
8071
3890
2658
3440
3668
3011
7210
5837
6431
4573
4094
3816
6145
3059
3664
2708
5793
5803
3650
5345
6189
235
249
3952
6659
6774
1227
2169
2674
746
1389
4881
7761
4332
426
3161
3858
1582
1418
6473
2355
2551
2179
431
3491
297
4941
1345
4403
4736
4650
246
4840
3557
1597
519
261
1563
1487
2348
8103
6150
2403
2275
3615
4292
1220
856
2335
3413
4427
3009
5682
689
192
4847
1068
3888
197
6676
6622
2814
8090
7366
1011
4843
1442
6202
1305
1450
3373
7217
6683
4259
5879
6125
5815
8131
3372
6639
4157
2296
588
5421
4071
2242
690
7489
3945
6956
4588
3760
3628
1653
6727
5877
3032
156
6104
7182
261
5449
7777
6004
3899
4164
3743
4101
1010
4371
2001
6940
6022
5052
647
3860
209
2068
7516
517
5554
3242
6343
7540
5189
4398
7216
1372
1345
4827
1569
4619
4515
113
6687
1705
7010
7869
8104
8055
5605
6850
1568
159
5193
8037
7177
5572
3425
1652
7901
3822
3058
1206
6812
2971
2472
2148
5084
5469
2333
7167
8156
5564
3783
6228
6844
1647
5940
2382
4297
5302
2302
4469
911
7547
3680
3056
4484
3572
4371
5505
7748
3781
5036
5935
234
4827
8118
2043
4808
7476
5869
7281
5028
7067
5298
3890
6119
5711
4728
3428
1398
7304
78
2202
5154
925
2211
5271
803
4023
6818
7529
7158
2715
7579
2330
6966
5577
2826
2255
5558
2840
5368
1428
1288
5729
2791
2782
1453
6056
3836
3786
3087
4349
6901
7528
5754
5384
7492
4228
2279
2745
5562
2612
5838
4457
1737
608
4298
274
2674
4241
7478
393
2081
4752
1649
7237
2280
5361
8190
7849
7359
3129
7310
7462
5042
7399
3760
6868
7103
1936
7183
5341
5362
6280
548
5444
684
4751
7521
7746
5289
5915
2961
7724
712
7843
6166
103
3077
3802
3684
995
7055
2989
4010
6662
1367
7061
6229
3149
1537
6484
7395
7246
8129
6342
5425
4284
7643
4845
4546
5581
7039
3508
4589
3048
7565
543
3272
6643
5907
1080
7159
7587
5266
1506
7322
34
3619
7061
321
4000
1304
5734
7926
6020
3686
5479
2744
6288
5400
7543
7046
1569
6714
3
6417
2396
1134
1306
5670
7816
6424
8009
4664
2960
1990
1410
5204
3946
992
6645
6025
817
5783
4652
3277
58
3268
8062
7813
2875
1256
4423
5016
394
5049
6073
7719
2252
5289
4848
7987
112
3666
4593
29
2169
3970
1610
1915
1824
61
5164
4774
3393
6152
7803
2740
2438
5909
4690
1408
272
4946
8047
204
2577
7343
4363
2475
2830
1723
3987
1642
6313
8021
2331
4982
3465
2215
8045
8150
7303
58
118
6472
5393
4813
1040
317
7964
3661
7690
6080
5672
2470
1651
3879
5436
3542
7398
4245
4409
5940
6802
3246
4439
6544
1273
5209
4205
551
1279
1398
7350
5097
6808
5831
6755
3828
3257
1465
3270
7520
5121
6882
6267
5508
3202
4335
6476
4047
7765
6230
4194
3547
3337
5767
4097
3578
1663
2079
2392
4083
3428
2869
546
3873
7972
6074
71
7479
4434
54
743
4634
1632
38
2882
5369
4349
2424
1058
445
7742
1382
305
1258
3558
3278
3904
5473
7341
5112
4415
508
5512
6924
5198
603
2532
4851
2821
7685
6417
7381
5494
7715
1033
7304
2924
4270
3013
5779
4071
6189
2124
4404
2157
7789
5009
2372
7686
437
6258
2739
207
1598
6789
3916
3987
6583
4316
7897
4999
6636
5725
1544
6323
7772
6045
5461
6814
2670
1304
283
669
3199
1602
7252
7725
383
1361
1829
431
2319
350
4420
3116
2752
4295
1297
971
607
7181
6724
6043
1652
1772
354
3881
4944
7832
3735
5335
4580
4809
571
7409
4276
910
895
959
1731
1989
3803
2454
7963
7691
6768
294
2613
2880
3727
7330
7533
1718
3646
6490
1396
5663
243
6675
3941
7642
2491
5697
7133
334
5028
7585
6731
7933
1681
2349
3887
6994
7562
6026
1367
6462
8117
7027
8009
6097
5110
6344
1136
3963
5928
4354
1127
3234
2230
2581
841
1014
5593
2703
4312
5674
3052
3040
1850
1513
3803
2766
3585
676
3347
3241
6757
2800
332
24
3328
3454
5521
7998
2032
333
1096
3194
7512
5164
5490
5854
7284
5759
1637
3018
6406
2276
3318
3784
7544
5951
4290
8042
2465
1413
5032
5288
4247
3382
5153
648
8141
6011
5864
3494
1803
8139
1313
843
4168
5875
7045
160
5053
6149
5606
8038
6918
4408
2189
6795
507
3737
35
1986
4615
2198
4880
5718
5741
3965
1967
1025
2223
5178
3319
4353
209
3580
7970
4099
5152
6663
5463
6479
151
6144
2341
4941
6307
492
1439
7085
5487
3503
6835
1455
1674
6696
8178
4238
5289
1712
5658
8120
2231
3256
1402
1227
4850
5033
796
2855
5154
6520
6014
163
7251
6572
1882
5549
2910
1685
7045
2078
6310
6088
115
359
3831
2382
930
7938
5254
387
7686
5424
4265
3495
4019
2878
6356
6104
6805
6517
8023
4861
7310
4834
6320
7694
4655
4232
6745
1707
189
6643
7191
7925
21
1176
5568
1338
1056
6747
113
5668
1987
752
2258
5734
5450
4848
2351
2882
6034
7803
4065
3231
839
2946
1232
7818
7397
2064
1243
312
1830
2201
5245
1843
805
878
2946
5182
3428
8144
7007
489
4317
6260
4598
3388
6897
5557
2262
4054
3183
1765
4609
6815
5705
3040
3282
4135
2205
79
1852
8026
5532
6263
8102
7212
5596
4237
2882
6573
5494
6890
1815
2106
932
7021
4260
1012
1902
8120
5134
7193
2265
1337
1228
407
6233
7455
5922
24
322
2479
6003
72
45
1340
4738
6317
5248
6087
5450
5521
7813
1041
6886
1042
2758
6253
7702
541
6908
708
4635
2301
2900
2610
7636
930
5483
4930
2191
7299
1225
168
2915
927
2164
2869
5420
7417
7223
5407
7562
421
484
2687
6298
7946
1986
3954
7932
5781
5845
1263
7215
7417
5616
2258
3424
2292
7421
2328
2586
1791
5154
1420
3376
3295
3587
5047
6112
4249
4848
5242
3117
3999
7169
4568
748
7056
629
6720
5085
6823
4859
3658
7579
69
1816
3024
4120
6960
7171
5657
1322
6091
8001
2061
2501
4318
706
4371
772
483
7062
8173
7637
7157
4555
5953
7126
2621
331
1024
5595
5344
5742
1787
5542
2711
1507
226
3574
2751
5562
5533
207
1522
7025
6728
4817
2578
5669
68
1320
4407
5999
7005
5383
2371
3638
7476
7696
5466
3340
571
4859
5003
7014
4317
7450
8053
8041
8020
4625
3921
7659
1134
5084
6099
196
3816
2728
3138
6337
4413
1527
3614
7864
823
3856
255
1814
6342
7974
6103
3414
6473
2454
8018
6246
3213
2532
2632
1687
1219
7599
3591
931
2879
1056
1885
6546
7622
474
7297
801
6826
760
7594
2347
517
3001
5810
6981
3197
7719
6022
840
991
1984
4962
1265
6639
5361
7052
7112
6391
283
6403
7555
5252
266
6941
2838
5583
4790
3796
1945
7352
6009
7518
5444
579
595
3327
5118
5179
1903
7556
374
2106
5554
4393
7813
6029
5092
1116
5540
861
5450
2589
4360
6929
2250
1765
697
3703
8013
5139
2407
7592
1341
5598
303
3257
6508
4242
4840
1736
5327
5894
3215
1794
7061
1612
5113
4485
295
4992
4526
6248
3136
5685
1391
470
6938
5734
8070
6564
4145
3934
5294
1380
5982
771
4497
3766
1302
3439
6266
6152
5580
3139
6013
4936
1159
6031
5299
6197
7135
2292
3401
6001
4342
5801
1072
603
205
8111
1677
3387
5531
4962
8120
4820
2888
5116
5729
5149
3354
3145
2168
1783
2440
2761
182
1472
4663
3143
3577
6369
7138
703
1283
6131
1412
781
7337
2815
353
3357
2144
3156
6215
5327
490
87
6782
6567
227
6085
675
4990
3829
7430
3223
4372
294
891
6267
216
4341
6627
7629
6461
1
1977
4066
2703
3209
1022
4339
6013
3045
4215
3614
2796
7542
2593
3484
5549
1056
6357
5294
6111
4126
1506
5832
3212
1495
1027
4650
2808
368
1878
2133
3022
5381
1762
2047
7338
455
2493
7429
3023
4696
8087
1467
3891
2412
8184
1713
218
3251
7002
6485
4813
6522
7712
2923
6431
417
1029
3084
5485
2576
7693
2767
4451
3312
5501
6226
3016
7960
4800
8073
5236
6553
1274
3045
7650
7288
6205
57
3881
8156
6511
3839
1449
7677
5708
2142
1272
6342
6467
4771
4746
1082
1261
4836
313
7988
7692
7138
6980
3624
869
1298
6904
4938
4267
6597
8111
8163
2318
5725
4431
2112
7561
5467
7808
7588
3250
4771
6300
5766
746
3554
3602
1267
5397
5897
3544
5458
7849
5393
4650
2566
7521
1175
5037
1298
6354
196
1019
5955
3881
1067
5243
5942
882
4922
208
4944
2894
5906
4501
3397
642
1070
3788
3497
7459
801
6921
2934
7538
2548
3514
4692
7375
4038
7175
7325
6254
7388
6507
7118
1675
1851
2926
5096
6585
3389
4400
6343
577
817
5660
5239
5666
1058
5511
6033
4443
3721
7250
635
2332
1102
7367
8035
6700
2787
7778
6492
6454
2917
2954
6825
1605
8136
3701
2757
791
6565
4842
7130
6812
2251
5118
4536
867
6298
1447
3102
2785
682
152
1941
7196
4013
7538
7486
1808
3640
1637
2995
1685
6414
766
6849
4597
1270
6264
7849
5422
2914
7200
2
7091
4192
7425
5334
6230
4716
2515
2891
4373
6151
7857
4074
3608
1570
1326
809
7093
8017
4254
6226
341
5445
1562
2830
4921
2586
4044
63
4745
6670
4426
2831
1402
1173
6659
5127
8025
6628
5876
7805
4852
5746
3105
8092
7591
6553
2367
5640
7984
3495
4343
2646
17
650
7519
297
7462
4147
2137
2464
4148
1284
7190
3499
3060
7737
4148
7062
4167
4031
7119
2128
2837
6249
7174
4008
738
1750
8026
3354
7671
6093
5918
675
1020
4032
7788
2907
7469
6776
6441
5149
3294
1362
4734
664
3330
6944
5425
3435
5208
3944
4378
3488
2902
1156
7767
7588
6818
1062
558
4290
1668
4507
2241
6690
7923
4376
2070
6701
1461
7845
984
934
4083
1380
3677
6435
7349
5450
1279
2173
6500
2718
5934
6229
5725
5651
7336
6784
3023
5047
4657
4461
3555
6286
2238
6406
1328
1489
3405
3627
2320
4827
6138
3528
1791
3832
2547
4699
2335
1220
6846
1648
3090
7746
3514
2788
6845
5846
700
6012
4674
4569
1391
5500
976
2101
2910
1546
5502
6649
7097
1154
6181
1049
247
693
2716
6043
924
7963
550
82
1165
2566
5572
7010
8184
4344
5887
6880
5674
1857
5351
433
4976
323
6862
3150
6236
1599
6700
853
3130
6799
4485
442
5728
1692
4250
2207
6644
7165
6924
3420
6863
2458
5716
2967
2114
67
3258
3700
677
4765
4364
3193
6669
2831
4897
6379
5616
351
6567
2930
6137
4477
6173
1859
5322
6163
3756
3404
49
1614
4348
643
4633
798
5292
7557
5154
2187
1720
7098
4140
1563
6719
2309
4444
7864
750
3500
845
4126
6548
6489
320
4496
320
4752
4436
2605
807
2620
3475
7665
201
45
7292
6797
4451
7822
2742
1405
2308
6253
6157
3013
754
4901
6387
4349
5521
6665
8189
5474
2778
7279
3095
2455
2224
2990
7525
5545
2676
426
4847
1787
550
2274
4852
4824
1152
6646
2395
3927
7278
8162
7543
6555
6139
2798
1149
5885
7698
1339
2024
2857
5240
1142
1632
5029
5885
4911
2131
7441
6529
5667
7514
2426
2664
1972
5585
6334
7210
6337
6573
4149
1906
7823
2571
6525
6394
245
1652
5781
865
5573
3034
1698
3175
7857
2623
7567
6234
4479
7222
2989
4792
1107
5684
1635
7419
4786
4281
2740
5617
4562
5762
1153
1252
7269
4784
4728
4012
7859
3132
1705
6
3773
1222
986
5133
3273
2733
378
5619
3729
6868
7855
1812
4986
1180
4811
7896
557
3217
322
789
6780
3033
7382
7791
1388
779
1506
7339
4502
701
2645
36
6176
3604
1673
5402
694
2350
3829
3576
1430
4141
6591
1338
1769
6032
6025
7523
4645
2889
1077
973
3124
957
3889
5568
3174
4912
3153
2133
1185
674
1170
715
3634
1321
2285
685
5973
4227
4661
7103
6391
7065
4634
6206
7086
4416
5876
5524
677
2875
4998
4278
7692
4258
6343
1155
2676
4918
7389
3629
611
2250
1913
3281
5304
6272
4283
244
7396
1329
573
106
2130
8095
4932
5897
4341
2266
1770
2118
7743
4447
4315
6818
4637
5829
3718
260
664
1750
5658
5562
4362
3351
5035
679
7555
569
28
7475
3350
5917
879
1154
2812
2207
5524
6750
7392
8155
7745
1619
3975
8025
1034
6311
943
2544
5674
186
6141
2573
3137
1199
7471
873
914
5992
908
2225
1826
735
436
3077
2947
4130
6288
7501
803
3049
2565
1835
2517
5498
1665
7796
4955
6709
399
5031
705
2417
1277
7469
6448
5145
1800
789
7095
2566
3392
4304
3130
2367
5429
5736
1129
7041
882
1066
823
1024
4320
7023
578
3841
2893
3041
1468
2179
456
4594
4986
5194
5387
6569
3347
214
4174
590
4197
4619
220
3520
3543
4833
3565
37
92
3924
7864
7572
5489
931
785
2713
7135
5094
849
6348
5116
4659
3612
785
4577
6726
776
5105
3877
5772
4739
1711
50
3634
6922
2560
1394
6230
495
1720
7300
8160
236
4143
1328
2542
6918
5008
5534
1026
8149
4983
5895
2213
6115
6410
6946
5435
2543
4763
2061
6177
5083
2989
4043
2530
1594
3940
4752
4834
3981
5901
5087
7149
2637
3097
711
7743
2387
1795
5580
5510
338
2850
1434
1511
5401
2757
7731
6012
5924
2408
2978
2109
3140
207
987
7975
7312
8092
2439
3840
1219
67
3395
353
2649
2377
4316
3065
3892
8067
3756
1209
2870
8153
4130
2707
4215
6209
5772
3273
1699
2607
3108
7760
792
2411
8188
7242
4510
2485
2569
1901
2848
1511
2287
3256
5687
6610
5564
2101
403
2738
4602
5144
3895
6439
1657
1519
1336
6899
930
2127
5772
2072
5193
740
1270
1110
4579
1513
1362
5299
6294
6712
7086
545
2915
4661
4987
5854
2290
3019
2241
4884
781
6734
6737
2538
3675
2854
1411
921
3445
1710
7270
7049
77
5900
7355
7788
5943
6654
616
1854
5392
2740
359
696
55
2126
601
7096
1468
89
3281
6144
3968
562
5104
5433
5725
7599
6
3829
920
1128
1749
8042
1179
4447
6448
7422
2894
1270
7662
5349
5151
904
1929
3113
6489
6932
5447
4117
4055
3923
903
4529
1213
8162
1390
3843
998
4888
1669
4887
3461
2267
5498
2993
4061
3384
2358
1871
29
5663
4907
544
5675
5571
4767
7724
4341
1156
4661
3219
2638
3423
4070
7857
6762
310
3289
7643
5035
6783
3262
4679
5550
875
4499
4607
5301
307
6798
6963
4402
7891
3907
6550
1892
5515
959
2702
6308
954
5390
6001
769
980
5423
1742
7475
5431
4076
7172
436
1127
5401
3450
952
2855
4612
4191
4822
7816
5570
3375
4126
1235
3069
4399
994
3052
4831
5696
5704
4705
3986
5922
1782
790
4235
8050
7107
3931
817
8078
3637
137
3887
2365
6658
6776
6649
7958
733
3272
5301
6169
6584
5867
2048
3287
3472
3050
4827
6807
6478
743
6673
349
4727
7228
5873
2726
6791
7127
4156
3435
4360
5248
3201
4466
8089
1542
3820
4512
1669
5746
5630
5093
7485
1533
2967
6429
4580
6772
1395
3883
6277
4737
6905
1821
5262
5717
1990
7341
1403
1068
6168
1163
7866
3001
1852
1346
2197
4464
1234
6877
3927
6373
5823
8035
897
2790
5342
5681
4282
5224
4180
3069
528
3545
5221
5244
3771
2614
943
2865
951
6442
2987
1602
1914
7989
2623
7338
6007
6888
5998
4757
4714
3917
1356
7884
4061
4976
5188
6700
5619
3490
5245
3967
7817
124
843
1736
2234
672
2147
7718
595
6968
7833
1603
1637
6718
7347
4447
6804
1416
1385
425
4938
7750
7308
378
7705
7510
4355
742
7933
2000
4930
1629
6783
1989
3970
5978
5805
7936
1293
4331
7301
6142
2935
60
1026
1508
1134
4548
6628
7878
498
5475
7755
3549
6594
7941
24
5358
621
1857
1589
1303
377
1524
408
4875
5682
5769
4645
6740
1389
2524
2223
5021
1584
3778
7559
5471
2225
2806
957
7612
3366
3815
5565
2213
2411
2742
2232
4579
330
3408
1267
3608
4685
2135
1654
5925
5439
4055
6622
8035
5303
2182
2534
8026
6185
7358
2802
6781
1164
838
1109
7818
5430
2426
1813
285
5953
7842
8180
5306
2586
2732
1208
6542
3449
220
6071
2856
5165
3984
3828
7601
7157
4224
2879
5965
4817
5910
2859
3505
7691
6610
1644
508
563
111
7265
1246
4559
5068
6309
219
3054
5127
2624
2248
2772
5579
2897
4552
46
2487
3431
4923
1628
5417
1738
515
1991
7775
1581
6862
6747
904
5815
3067
1479
2004
7884
3983
733
752
7958
1030
428
4536
1642
7914
8017
1992
6799
4656
6094
3417
7734
5570
5883
609
82
1738
879
2062
128
2802
111
1292
6690
6335
750
5527
7528
4583
6727
2283
698
1272
7943
7636
267
198
1122
4455
3790
3436
2423
2898
1075
2852
8156
988
994
6654
7923
7929
4710
6712
2087
6738
3153
7435
841
5970
1779
5369
289
4151
7471
3063
5943
2930
645
3264
4827
119
3334
2886
2236
6826
3027
1762
1608
5489
440
5370
8149
5742
3908
1523
175
7327
5763
4019
6634
6237
5997
31
5241
7284
2807
5929
7260
3231
588
755
5750
7989
2341
4795
7389
7522
6828
3920
439
3184
6367
2833
2316
1600
3334
4634
3582
988
1259
6459
6037
4029
1978
7873
5384
7202
5180
6208
3007
2640
5306
2671
3253
5198
7125
3482
2889
1910
4596
4425
5222
5153
441
1653
7974
2285
1712
2074
1991
7443
1673
3764
63
2851
1678
3319
5929
1078
4735
6872
5837
90
6397
2224
7775
6395
4819
2387
5326
1562
4359
34
7062
2088
4160
7075
5753
7712
3035
6415
2864
2842
6115
6388
5945
7014
5954
681
5016
5375
6894
6336
3038
4484
4490
6471
4558
3460
598
2361
5719
7189
6367
5319
7133
2380
4382
1170
457
2486
8063
6660
2387
1485
3484
2627
1180
6340
5432
543
1769
5900
1417
1744
315
7877
2511
3292
7784
2669
3607
1218
2010
8155
5912
1358
5282
6969
4551
5744
7695
3938
6002
2172
4365
4409
6279
6720
6205
7832
7280
2987
6323
4184
6154
6964
7405
1111
4813
6561
534
1321
994
4387
1670
106
5517
6657
5346
2531
3887
7073
2173
7365
720
7839
1351
6892
6647
3499
5266
2339
5744
1479
3980
7243
5061
5750
7961
6289
635
7207
4257
2770
3571
6020
5775
4999
3888
4927
5994
532
7035
4419
2679
6871
310
3267
6507
4047
7859
3149
7443
6575
144
6844
4729
2345
2210
2946
8101
2428
3133
4748
2993
6037
3114
6619
1630
7213
4321
4728
1468
3119
4649
6099
367
1198
3721
2109
7913
7769
1191
3259
5685
1908
4935
2197
6262
747
2071
6036
5811
2974
3421
4706
8178
2722
1826
5474
2351
6644
7005
6735
4235
5277
7746
5575
949
5833
338
6233
5217
4770
5610
4818
6905
6235
1424
3842
522
5899
710
398
1594
5724
1979
6516
484
1703
6031
1504
1103
340
5407
3155
7574
3957
6065
5930
5123
5088
5704
4525
4208
820
6064
7615
567
7518
1546
6585
2297
1389
7749
6006
7224
5630
7112
8105
4152
3690
1093
6914
2170
1515
5644
6837
1795
8154
638
3116
1136
4215
5870
364
5108
6811
8083
3445
620
2782
5284
2871
4661
6683
2665
7166
6038
468
3397
404
2823
4031
7719
4939
3810
5188
1074
3381
4608
3287
5833
2403
701
7330
7991
5879
3791
2909
5552
3671
3112
6377
1701
7562
2253
2779
4368
4601
6514
347
5491
2371
4004
7520
2578
3660
3230
4979
6235
51
7584
2255
4095
3496
1621
4853
6642
4964
464
1831
6558
2129
1656
1208
2810
825
7434
1524
7799
7748
2544
2244
8015
7077
950
1663
4631
3227
1876
4533
4685
6014
7590
4139
2631
5161
5161
3001
432
3396
6503
5024
6626
3837
8102
1884
2300
3011
3584
2964
554
888
6533
282
255
6273
8001
4735
5934
1700
7448
1889
4380
6497
2877
1191
2935
2040
8162
7825
6608
4123
4640
6020
3242
4300
2509
6803
8141
6103
7785
6532
7756
7460
2036
3227
1393
1235
5510
8089
1783
7801
4013
1036
6806
4422
935
4075
1959
549
7207
250
520
4926
4577
2515
6774
5549
7597
1250
339
6045
4664
6823
2075
5289
7096
6529
6554
627
1125
3589
2306
4662
7162
8002
7676
3427
2794
8034
2769
7060
6684
253
7655
5275
5608
5720
2221
7947
4618
4240
1390
561
4276
464
1822
4644
4688
5941
6005
3838
431
7287
1242
7802
689
7050
1245
4015
3551
2131
746
5681
1563
6269
2550
2454
7723
5403
3189
3134
3629
3392
3633
1311
2860
3568
4033
755
5692
1030
4979
3454
5770
460
3077
4088
1277
7263
7458
1193
1226
6881
1560
1322
2447
8016
4749
3963
825
4065
2651
5320
5001
7116
177
3603
6546
2606
1904
2135
503
1927
5015
2231
3125
4548
1771
2122
3131
5511
6430
1494
2538
5649
3588
7561
7316
4833
4711
3499
1706
500
5125
7299
4895
796
3261
2405
5533
4591
8144
1004
1133
6184
4446
7597
3753
4549
965
5236
4216
6157
7353
3778
3049
4622
1415
3111
3445
7196
629
3723
880
305
1721
2692
4654
6908
7933
7079
3413
4462
219
5137
957
2193
6321
6284
1498
5281
8034
1480
619
7206
201
3770
1855
7981
756
1574
1013
3026
6135
1531
8024
6038
849
5666
244
40
6736
4265
3596
4596
5307
5002
4904
1599
3444
5487
4808
6959
3105
1802
4199
5714
6712
6272
3130
6491
2067
1983
3007
5817
6821
7919
6604
7014
3729
6596
2039
796
5966
4231
243
6319
5074
125
7980
2174
3248
4450
4619
1445
4206
1432
3333
6974
8090
310
6845
3448
5794
1148
7319
5503
1766
3718
3830
928
3272
8175
475
1129
1053
2282
1557
7361
2815
2677
5936
7580
4445
7001
7371
1615
84
2016
7783
6284
7569
8027
4345
4320
6662
1296
6002
6114
109
2505
4650
5386
7648
6751
1221
7339
5796
7367
7656
5964
7571
6777
1225
1141
3115
3673
7314
1630
5424
786
1733
5415
5543
6179
5931
1634
5336
15
7775
4570
4131
6471
1025
6892
6169
4768
4931
759
4124
7013
903
4342
6918
1036
6872
4625
7201
5131
3308
6176
2032
2042
6729
1783
6234
6869
2868
6690
6558
6900
252
4020
4320
559
6292
6357
6841
1157
7715
4121
5972
984
7963
6542
5332
8087
7452
6742
5345
7335
5645
6756
555
7748
6126
8148
173
4930
1315
1557
7553
5645
6463
2078
6735
2941
3816
129
2845
787
3797
364
5935
581
1225
734
7687
2850
5971
6975
6149
3562
801
1369
4502
1023
6664
1806
3102
7138
2626
7335
2295
6830
3780
6415
5234
7359
7644
1943
36
2790
2158
6199
7183
1937
897
5058
3001
7656
1411
7564
2920
1839
163
2443
6155
6560
6285
274
5091
5359
2229
7018
2135
1034
2994
4136
417
5943
4540
2208
5855
5253
5521
3396
6234
4668
4548
7319
5529
1406
1417
7318
5449
184
2478
5618
4184
385
430
3595
2471
3429
3656
7652
7336
6472
509
2896
536
4572
4320
7462
8104
3649
6206
7519
218
6400
7170
1904
109
8171
3436
7442
7958
3604
1523
7525
1875
5718
1781
5072
4419
2894
3227
7932
5526
2243
8048
1813
226
3318
3488
7863
489
4505
4766
1209
7675
3719
5430
4037
287
5288
943
2485
1275
2167
5778
6461
4223
2434
82
7488
497
4862
5369
6770
7694
4248
279
1729
6102
4781
304
6242
1776
7769
2315
4899
5379
5588
5506
1897
620
2528
4810
3626
4918
7466
4420
2904
862
7302
7959
2444
4079
2897
6202
5785
231
2069
545
916
2634
3829
6473
7329
5057
1278
2668
7171
3603
846
2476
3743
7964
5394
2927
3850
3504
7903
1285
4609
6418
6973
6710
638
7612
6265
522
469
3877
2389
2931
7688
7059
7748
3048
2296
6197
330
4738
7991
7979
5821
5477
8093
408
5199
3304
2500
3873
6406
3117
446
155
3406
5790
5595
2870
7855
679
7700
4292
2335
3563
7614
2801
7676
7109
6917
3021
3279
4383
7001
1395
1777
6839
6415
1298
1634
2114
8055
1303
3979
142
7340
4806
1814
3702
6391
8151
8050
8076
3180
3247
3132
4774
4604
4763
7428
6185
4331
2213
7688
260
1122
6424
4280
6455
5541
4588
1033
5333
5823
5521
1990
5140
4639
6825
7952
3995
4789
5056
7734
3192
2668
6688
3822
4291
5957
1198
7381
7673
3794
4481
6548
5607
1920
2287
1405
268
7886
1370
1572
3211
435
932
5374
2422
403
3080
6565
192
2019
3520
5573
2790
5095
6624
1018
661
513
5835
3721
7915
2583
4803
1592
2328
862
1708
5308
1218
1449
4813
974
6259
7647
1557
7274
4612
3243
1860
6753
4988
7200
4299
283
6668
4342
6751
3520
5753
6697
4083
3111
7564
3931
5129
2049
2918
3132
6422
1234
698
4004
7468
5100
1221
6835
179
4535
2983
3723
1149
6616
3551
2054
5993
2771
2716
1701
3834
7522
7641
3949
4440
1328
7160
3108
1892
7713
5739
6318
329
6616
2170
3518
4281
6953
4194
7157
4057
4672
6644
4243
1352
5248
666
8171
2961
6811
6881
7361
2936
7840
3746
1614
4045
888
77
5892
5093
6885
3202
2244
4145
6635
6551
988
7912
2202
621
5411
6698
4971
1808
6877
7623
3208
7722
1861
1642
4599
2724
2692
1956
5190
5628
4004
6506
4870
2981
2346
3965
2572
7200
3848
2978
4309
380
7037
415
371
200
5217
5393
7715
7769
7300
3710
6161
5275
1660
8117
3777
2745
2791
3217
3791
7115
253
398
2249
994
3755
2738
6351
4165
5704
4462
1120
7112
2329
2888
3059
7819
2367
5127
6299
3734
7947
2978
6224
6487
7737
3105
1357
8111
3549
1404
3587
6505
3919
4514
7056
6273
7040
7895
925
749
2387
5684
7766
973
1734
5307
6975
2980
1503
6355
8056
2907
6210
1617
6349
2899
641
6071
4664
5162
2088
8051
850
2581
4234
76
4013
5322
3958
3304
7005
216
5651
6275
5072
1502
3356
6674
6870
2307
7502
7139
2724
6992
7548
1473
495
164
7207
7977
5865
654
4280
7057
6364
7941
7920
7130
1974
2166
6072
5173
2147
2898
4004
5057
1398
6728
45
4033
843
6668
6725
295
6132
4289
6426
6362
235
179
4517
2388
3887
3276
6384
6903
4800
7901
3763
3444
1711
2331
2914
5128
1395
5699
282
3175
7193
1317
8102
5828
3841
6709
3663
6162
823
1707
4224
1406
822
5682
4566
2512
1975
7132
7896
4714
1781
6323
4907
261
1518
2868
7342
4783
1810
8136
4422
213
4204
6267
2892
3096
3756
3491
6037
1900
4502
1494
5541
3193
1548
4388
5137
6061
2305
2291
4983
6980
4492
335
1690
1190
5358
4070
2207
3040
103
6005
2790
5860
6760
3953
4742
6953
49
4315
282
5748
6008
7804
392
5042
7423
1206
2057
6581
1483
3213
5966
3040
7997
6844
6070
3741
4479
7938
2568
4126
6171
923
6496
8029
6192
8036
6105
6828
7354
1247
1424
4069
4833
2037
1564
2854
2765
5894
674
1372
4122
3182
7841
6036
7508
2581
4601
1774
2023
2376
8098
6175
1022
5435
59
4778
7092
8183
13
2343
2215
6164
2060
259
3149
4468
7687
4879
8031
5107
2059
1473
3217
5176
918
6139
7311
2387
1279
1081
1974
1414
5654
6474
6538
5875
4143
7913
3917
2437
4030
1773
7386
2307
7610
2371
2512
3005
3409
4101
7665
3810
3974
3261
6366
4853
3112
6673
1925
4963
1447
4829
999
5119
5605
1562
2283
1826
6926
5940
4617
3541
4486
7167
3910
1997
7043
3500
6141
3688
6663
801
7356
7557
1180
7675
5877
5182
2747
7122
3906
5052
114
2931
6011
5952
6166
1666
1937
6758
4839
8132
2457
9
1795
2733
5091
4029
3223
756
7014
5216
4627
4652
3403
6136
7615
3861
7674
4536
7529
7626
3463
6425
4977
1624
1491
7265
3682
708
8099
3426
4526
2695
7833
7188
32
5964
212
6824
6525
5129
4257
5330
5114
6298
5900
1011
4244
1110
6254
4853
3026
6441
7080
5405
1975
2206
6743
1071
6312
7606
3063
7252
3291
4006
10
2340
7706
1660
8101
2242
3702
2998
2531
4196
3275
2587
223
7631
663
5750
1360
4876
3635
2253
3064
1347
4336
4097
2957
3309
4484
4756
1979
620
3583
6659
718
4001
1689
7552
467
8116
1810
181
3664
2954
6108
4077
4783
7515
2044
7353
3155
5614
2833
5978
1552
6474
2201
946
5333
2823
2122
1836
6523
3951
2637
3021
5057
1031
1339
7132
3097
93
640
1726
5678
2967
4163
9
4393
6136
940
556
5665
1529
1221
3086
4716
3456
6312
7489
6516
235
4578
813
159
6063
5752
2499
6927
2688
3207
2593
6995
3458
2116
4147
4267
1010
5553
4491
1747
2055
1819
2468
4682
2852
7502
2106
1287
2474
4136
178
2715
2582
7399
4985
313
5271
953
6640
1493
7342
2409
7332
1998
2151
6146
1844
3447
4373
4324
7296
3686
877
6740
4592
2354
7059
1578
4868
3814
5793
2304
6963
5796
4376
2856
3819
6330
2682
6738
984
2551
519
7632
3648
299
4912
3845
2548
5517
386
5951
636
7378
5808
2926
5172
4863
1110
4703
3486
4791
2599
4720
660
2624
223
6928
2747
7054
6516
5745
2025
2129
6715
6726
496
464
2912
3584
895
7031
1102
2477
1506
7750
6836
2600
1327
1599
180
3526
695
5886
5851
1357
6721
7381
3133
5245
4821
3216
5313
6025
2407
5000
1086
1944
3619
4998
4569
3507
1475
7026
6478
3965
2183
5181
7034
6502
4092
6627
5818
5996
4884
1734
7492
2606
7170
786
7339
2492
3608
7814
6279
6446
5345
6574
252
1693
7552
4793
5425
7427
4252
7869
4301
157
1301
4509
4300
2878
3249
8161
4253
4526
1576
3356
5462
8190
7857
3945
4786
5667
3792
996
6358
5511
2686
6691
5915
6648
7168
7158
1920
6279
6831
2278
982
1095
4884
4169
6040
6239
7809
2673
39
3233
7535
5915
3685
445
7666
1726
4621
3698
5840
2855
5447
8138
899
7921
7940
6885
6733
809
635
381
5918
846
2651
981
6404
2572
1045
2450
5535
2179
2315
7066
7365
6373
1049
2177
7773
1147
5864
1664
2281
7905
4843
948
6993
6681
6717
5325
6970
3492
2747
473
2895
2171
7391
1655
945
4060
6478
3559
6438
4275
8019
7576
5781
622
7693
3135
5021
5628
3417
4938
661
6120
5692
2214
718
7983
4920
1443
3530
7821
1037
3576
5937
2559
3156
4197
54
7113
7296
4771
3615
3303
4650
2113
4258
5620
3697
4449
5826
6317
7946
7333
6578
5159
613
5746
3495
4931
6921
7986
4571
7478
7624
1994
4957
1868
5960
6697
2032
1667
44
4015
1376
4
7371
788
413
2880
2610
705
2802
5865
5204
1797
4477
4075
8185
239
7096
3119
2032
15
6242
6846
1952
1327
2837
6190
7839
2014
393
4717
6667
6923
462
4098
7311
248
4175
4001
6767
3028
3135
3908
7602
6779
5175
6009
838
4849
2687
6400
1328
4197
5556
1202
6051
2004
270
1071
7641
34
7014
1027
1012
2396
5399
6382
5084
1384
5584
262
4022
6224
6866
6561
3173
3952
7686
4759
2291
4988
3378
5318
3946
7291
7297
4666
7598
6508
8104
1585
1833
7108
3314
7920
939
3352
71
6492
6933
3007
727
8101
7883
4824
4210
7681
3958
3577
1786
971
2264
641
3504
8070
543
7830
6831
6897
4984
2228
453
2438
4036
5965
2015
4807
875
1906
6288
4339
1494
1640
6824
3152
1888
4503
3485
3521
3555
6365
3982
4030
7345
2571
2733
4166
1854
7841
4788
4679
7477
1799
3306
6264
6985
7664
566
4900
6854
2484
7084
1501
3986
7609
7573
3623
972
2941
290
6749
4082
5241
688
2895
4888
1407
1875
576
4432
6265
5653
4476
2244
1541
6368
5725
4655
4687
5850
3793
5404
5391
5097
2446
6515
6943
3865
7001
4567
4147
3529
2592
2408
3598
3350
10
436
1636
576
2874
3803
6044
4484
5510
7551
1272
1911
3237
2791
3745
4190
5918
1174
4353
1374
3017
3505
5910
619
5865
3609
3415
1035
4638
5580
6099
68
5451
395
7278
3122
1841
6200
1550
7731
306
6733
1164
1039
1762
1076
3249
1394
34
2103
2570
1878
6012
2882
5224
508
3856
2940
4349
726
847
883
2604
1104
4845
2349
3601
6717
6016
2089
7323
2794
7082
1672
7865
3463
1559
3119
5317
2604
5253
4708
4864
522
2688
1831
3907
5045
3380
3427
4119
3584
5978
77
5844
4621
4916
5160
996
7585
1947
6595
4345
3553
4906
5383
5014
1728
3335
3958
7847
609
3662
3225
599
4052
5132
445
7339
6999
3771
7951
6275
543
1718
3846
5431
4872
6295
2630
5769
2944
4
335
2155
4534
6898
752
6719
4312
7522
138
7872
49
4139
4755
7815
7254
2747
772
5616
5812
4825
7483
7973
7662
375
5344
1353
7345
5528
3211
4178
508
1289
3884
6656
2808
2677
5265
3451
5262
5030
7834
6893
7600
1655
478
1166
4750
890
7408
6643
3051
461
5551
7110
3590
5103
48
5162
2558
946
6967
6641
3567
6627
4703
7493
3131
733
2990
2476
5286
4741
1214
8026
3560
6634
6624
2660
4744
4921
3720
6859
6092
5213
2206
3529
6692
876
3786
1425
3862
5103
3298
1114
2778
6841
1644
277
8139
3798
2021
6689
3496
3269
5710
232
590
7132
5624
4266
4869
5555
2490
1053
197
6350
3383
3970
7251
3394
4438
1357
7648
7785
4373
2990
6823
7795
620
5884
5272
2803
6291
5954
2696
8057
7569
581
2718
5975
2708
3621
602
7367
7620
8176
7565
5153
117
7149
4617
6291
2358
5530
14
3732
774
5947
7668
4778
2478
4450
6241
3813
6401
3603
2050
6111
3799
1833
3345
6992
7521
7413
1798
2093
7155
3693
2554
2245
4042
713
2577
319
6026
4870
5754
636
5945
3162
391
6482
4659
1699
4213
2161
3082
8094
415
1070
2189
4571
2565
6760
2075
7095
6793
7615
3578
106
4963
1333
4377
1402
4514
5517
8138
6760
2164
834
5293
7512
3413
135
1750
1619
1786
6073
4506
2268
4202
1494
3564
1293
7937
4816
752
5258
3979
5292
2145
3382
2572
3845
56
5724
7445
4357
3847
287
292
7831
5966
5748
3480
459
301
1129
7521
6194
193
6276
930
2971
6059
2069
4059
4746
7304
4073
5355
447
7383
1936
880
5801
2729
4408
4816
3197
377
2687
1751
4397
5266
5338
1226
6051
5062
2094
7589
1231
3490
2933
5774
2723
2806
4779
5077
1668
7333
5451
2933
3246
2133
7910
8111
5754
6689
2859
7776
2926
8045
3782
7917
5215
5572
3239
1025
3005
4138
6627
698
6355
7556
513
1319
6671
540
4753
6001
3481
2852
164
7132
166
3883
1765
2758
7483
333
6770
1695
3696
1724
2885
3236
6876
6442
7671
3281
1093
5378
7002
5583
7704
5035
3009
4167
1436
3583
5403
3335
7934
7689
5030
3258
6464
1593
5376
7256
474
1047
2790
5270
519
7953
2499
7204
3061
4475
5294
565
1034
3519
4485
3095
4810
1533
3194
44
6417
3833
4752
7391
2142
3987
925
1536
1351
1968
6630
5994
6555
2832
5997
4831
5800
5252
7368
7777
4844
1289
6161
1617
818
2991
8092
3798
4926
4275
3580
4960
6911
148
6062
7566
4239
3862
2628
5206
2346
4155
1363
4023
2890
5579
7688
4831
4764
5054
1928
5079
6862
7881
6155
3623
4968
4910
20
5516
4036
5087
2216
6311
7879
5092
1320
377
660
7451
6505
7220
4096
7061
4163
3817
947
7367
1503
7841
2050
1438
7606
2890
4961
4590
5858
3346
5577
888
7380
7566
7150
6829
2197
5123
8020
3280
6190
7826
1449
7306
1310
5070
3687
5001
8167
3896
3128
2921
7491
4712
4742
1037
7823
2530
3862
3064
3721
404
5739
1071
7927
3490
5586
2864
2446
5393
6246
1800
700
6916
3324
1827
483
3004
6968
6414
3363
5268
1868
7416
4077
264
963
3111
6944
7247
3200
1159
4194
7557
4784
6482
7175
64
3745
4670
5019
97
3222
6185
2623
599
1102
855
3070
2599
7303
2901
4156
5540
4238
5913
1577
5751
3814
2281
5656
429
5535
5670
1087
1466
1616
6623
901
2375
3344
8068
6261
3583
7822
423
5605
6880
2264
3773
4485
556
1624
6452
5598
3704
2122
5253
6746
3758
5344
5899
4030
4995
3972
3861
3864
3983
2379
6533
1231
3913
2088
5290
6791
5882
3466
8078
6835
7523
1164
4967
7907
4062
5060
7958
6656
6387
5734
4751
6557
1290
7892
3447
2447
7018
6128
1709
3724
3048
4790
7392
7955
6708
3723
4513
4683
2520
1011
6939
5947
315
457
5994
5704
4476
3272
1936
2508
6532
8021
1836
1578
1715
2899
7629
6154
3923
12
5516
7789
6804
7882
5224
1944
7420
5431
2716
3165
2307
3541
1783
6948
1150
3910
4021
5312
3814
4236
5482
1694
5924
2811
5466
6935
2071
1714
1481
1569
5873
6212
7549
5780
3787
6213
3387
1154
6803
5112
539
3704
2127
2896
5885
63
239
3178
729
3872
6792
7425
5516
144
4566
1354
2072
2139
6056
5896
2202
686
629
7726
4813
7372
8069
1756
5243
4164
1537
1426
4043
974
7025
4094
2335
3904
4546
7755
6030
4841
621
3391
1309
3927
339
7536
295
6031
7325
2776
7545
7154
6127
846
3252
2143
640
1819
2169
902
5007
2536
775
5634
3403
6408
6260
1504
3361
7513
5499
3912
6680
4619
2560
1681
5629
3154
7482
4203
4477
3640
4949
5745
8015
1630
5691
1083
3174
6886
178
1305
62
2818
3017
1274
7605
5676
1255
1538
869
1542
5302
3548
2932
954
2731
5898
691
1705
7727
6877
6962
4253
7818
2806
3786
1606
2390
6247
6638
4290
3411
6201
5080
6882
7823
5098
719
4331
4889
572
783
4765
4377
4942
3482
452
1930
104
3157
5574
4563
5825
3964
6574
2585
1834
958
4343
6783
7438
731
7583
4539
2278
374
629
8118
893
2818
3713
404
5036
5432
6007
1903
6821
7341
3815
2083
4962
7786
1326
7792
6997
1990
4548
6601
7647
172
1557
3368
8102
6612
2551
5250
4033
5794
4048
1047
1484
