471
247
99
93
467
494
436
277
479
271
107
303
354
476
34
432
497
438
329
249
476
322
281
427
457
369
296
96
492
441
419
462
91
70
132
115
360
209
102
356
250
216
309
302
391
365
33
468
220
343
172
105
145
57
264
82
497
60
221
356
99
368
262
80
483
386
384
275
459
225
43
378
307
64
15
112
209
424
299
292
255
31
93
469
322
437
240
327
28
324
59
287
335
338
294
339
250
500
8
322
398
485
431
16
388
110
175
490
48
480
219
405
231
79
54
402
138
472
436
67
336
362
392
374
9
202
309
32
74
462
324
138
361
334
318
376
508
111
93
119
391
498
496
325
438
511
4
59
89
393
369
122
492
456
393
87
185
404
432
493
92
202
124
17
499
71
347
223
21
370
242
208
256
166
86
496
307
49
376
380
56
267
35
115
232
218
220
299
183
347
434
47
386
205
381
240
119
164
116
440
9
398
269
302
263
158
496
29
31
131
380
2
38
164
373
331
94
44
155
69
80
429
161
419
471
271
112
35
212
237
400
244
381
436
122
310
288
468
154
458
371
329
228
293
454
168
366
465
203
116
42
86
136
263
220
302
21
316
122
200
70
479
134
282
84
469
80
502
349
160
418
29
274
481
169
324
377
165
283
459
331
72
52
278
7
471
457
209
408
116
215
401
1
130
435
144
120
30
177
173
137
134
220
509
354
312
330
262
125
114
404
205
4
52
427
329
81
443
293
486
299
192
385
55
95
213
434
350
449
320
207
37
504
279
443
123
455
71
178
37
188
338
284
431
9
255
334
213
161
231
315
345
32
229
247
510
484
154
305
100
107
485
512
5
88
128
132
278
448
100
439
132
462
346
190
492
320
5
212
471
16
253
475
402
463
118
16
149
310
222
137
346
83
336
143
54
228
452
261
511
259
262
71
501
431
365
404
123
130
417
217
50
233
384
503
33
136
143
271
192
360
222
297
220
166
104
478
432
271
62
290
34
317
511
303
504
154
131
403
59
364
249
242
103
231
440
125
226
104
55
259
452
319
103
164
220
150
477
86
171
315
367
193
402
213
46
187
69
112
462
164
377
512
139
254
45
31
188
359
331
274
449
303
213
246
411
299
490
512
141
348
211
445
436
5
150
396
273
296
174
166
303
34
204
324
363
281
1
263
174
219
39
